7894900530032
7896104993941
7896007547654
7896007540600
7896007545094
7896007545100
7891010793463
7896232801057
7896183910396
7896015975609
7896327512509
7891030003016
7891000338087
7896224836098
7891000061190
7891000352175
7891000053508
7891000338162
7896183901646
7896508200034
7896508200027
7896508200010
7896508200119
7891910020065
7000000526879
7896508200041
7894789001159
7898581310259
7896813600291
7896828000239
7896004401843
7896000593672
7896004401409
7896004400358
7896000593764
7898289870024
7896813600246
7896813600260
7896813600239
7898289870086
7898014855074
7894900531008
7894900530056
7894900530001
7898289870048
7898014855081
7896274803682
7896274803477
7896274803699
7896404605483
7896083800018
7896083800025
7896083800247
7896098904671
7896098904732
7896098904664
7896360600676
7896360600669
7891991000840
7897003410171
7898172660183
7898172662163
7898960419443
7896380000012
7898176600901
7896380000111
7896380000043
7898972064013
7896098902486
7896274805037
7896098901854
7891022100617
7897938900105
7897829900092
7896015930356
7896735114876
7898552950026
7896327512523
7000000000157
7500435154420
7702018118823
7896275900977
7896275900984
7896910000031
7897048001402
7896260012098
7896260012012
7898915343045
7898963509028
7897172500192
7896398901134
7896546113327
7896735115576
7896735115378
7896735115330
7896735114920
7896038321056
7896038321032
7896038306053
7896038306039
7896038355037
7896183903077
7891164020149
7896183901738
7898966350016
7899983900550
7898966350009
7896202891903
7896202820200
7896451911582
7896451911575
7896202891415
7896354816946
7898963388043
7896448000800
7896275921101
7896275950316
7898963388012
7898963388067
7896015976750
7898921567121
7898014852561
7896354100939
7894900563702
7896691103402
7896691102641
7896590802123
7891097013003
7898240320100
7898240320179
7896348841763
7898240320070
7891097013355
7896275960131
7896569400831
7891000379103
7898215151807
7896256602111
7894321722016
7896348843095
7896401183076
7896401183069
7896001004511
7896001045149
7896232800043
7896337300059
7896337319631
7896987130075
7896987130068
7000000000041
7896022086459
7896022075408
7896022086381
7896022056520
7896022074456
7896022086374
7896022086411
7896022086404
7896022056483
7896022086213
7896022086183
7896022086206
7896022086220
7896022086190
7896011103532
7896011101880
7896011108926
7896011102597
7898016290828
7898016290828
7896111425992
7896111426005
7896022205232
7896022207076
7896011108810
7896011108780
7896011108803
7896011108797
7891962054117
7896011107868
7891962054124
7891962054100
7896011107851
7896022205164
7896022026325
7896022018320
7891000051436
7896022205225
7896011107301
7896022205201
7896011103518
7896022205218
7896111421543
7896111421550
7896111421536
7896111426234
7896111426210
7622300830151
7896022207113
7896003737394
7896022207106
7891000241356
7896022207090
7896111422403
7897426020124
7897426020117
7896105177050
7896111422434
7896022204969
7896111426227
7896011103761
7896022204945
7896022206154
7896022204952
7896011105871
7891962048192
7891962036984
7891962036991
7896011104126
7896011103730
7896011103754
7891962037004
7896011103747
7891962037028
7897207900010
7897213319615
7896327511984
7896327511328
7896327511342
7896327511519
7891000251133
7891000092606
7891000462300
78929340
7891000118580
7891008114003
7891008116632
7622210411501
7891000325131
7891000460207
7891000464908
7622210596413
78931251
78939318
78939301
7893590204339
7898330510473
7896050200124
7896045102440
7896089016215
7896045102501
7896045102495
7897829906063
7896019209847
7896019208192
7891000010860
7896019206785
7891000284230
7891000284155
7896005800676
7891000029329
7896089010916
7896005806029
7896035733449
7891021006934
7891021005517
7896035733326
7896005806012
7891021006071
7891021006125
7896327513315
7891000251614
7891000251539
7891000251430
7891000250174
7896183903176
7896183903244
7896183905354
7896232800074
7896337300110
7898172660725
7896232800371
7896183901257
7896183900342
7896183901264
7896232800395
7896015960209
7898621151934
7898621152467
7896738100227
7898936055088
7896048200051
7896048200105
7896183901844
7896807499542
7896380000388
7891242062443
7896004003870
7896760400029
7891149108404
7891149108466
7891149105502
7891149104932
7891991000178
7891991010436
7891991013772
7891149103041
7891149104949
7898295301437
7898295301444
7898032910120
7898295300072
7898904771613
7891991014762
7891991010481
78936683
7896045512317
7896045505319
7896045506316
7896045504831
7896045504848
7896045523412
7898904771712
7898904771606
7896760400425
7891149040308
7891149101528
7898295303271
7891991000796
78905351
7891991015493
7891991010900
7891991010023
7896045506095
7896045503452
7891149108718
7897395040307
7897395040437
7898367983790
7891149103300
7891149103102
7891149200504
7891149201006
78934115
7891991294942
7891149103119
7891149100002
7891149210503
7896337300189
7896337301865
7896337301575
7896337302015
7896337301742
7896337302022
7891098000972
7891098000354
7891098000057
7891098000040
7891098000330
7891098000330
7891173021793
7898971704415
7891008168884
7891008169218
78930230
78939363
7896337300332
7622300991500
78939318
7891008168853
7891000107836
7622210709523
7622300991371
7622210961679
78912359
7622210709363
7622210709417
7622300991456
78936911
7622210936707
78912366
7622210709943
7622300991418
78930193
7896183901097
78602731
7896423420180
7891149103270
7891149103287
7891149010509
7891149100019
7891149010103
7898908236354
7898920076013
7898027315282
78937680
78941151
78918894
7896054719202
7896273400011
7896279600507
7898994000082
7898994000082
7896252206139
7896252210037
7896183901790
7896183901806
7898032918157
7896337300127
7896337300141
7898130150671
7891000284933
7896337300103
7896337301193
7896337301032
7896337300295
7896337301162
7896337301186
7896423419276
7898939720068
7896322701236
7896322700789
7898307570875
7897075206443
7891323075287
7896448001968
7896448003467
7896295386911
7896232800180
7896337300158
7896434921058
7898024395232
7891030300306
7898915414899
7898929966490
7896275960582
7891000126905
7898215151784
7793100111143
7891150049871
7891150049895
7891024135310
7891024132128
7891024132371
7891024037973
7891024132005
7891024134610
7891024134702
7506339363883
7509546672021
7891528030142
7891528038612
7509546667638
7891528029498
7891528038001
7891024036839
7896348840049
7891080404887
7891080404870
7898944499188
7896362700107
7891350034639
7891350034646
7896274800223
7896274800131
7896274800148
7896274806171
7896274800124
7897938901379
7897938903175
7897938901386
7897938900662
7897938901393
7897938901409
7896274800582
7896274800575
7896360602113
7896360600744
7896360600737
7896360600720
7891022640007
7891022100372
7891022861242
7891022637007
7891022639001
7896098900215
7891022638004
7891035524271
7894650004241
7891035524189
7896275970857
7898562800793
7896202891484
7896202891491
7896202810768
7896486205755
7894904571956
7897829905066
78935761
7892840821203
7892840815912
7892840816193
7896492403046
7896419727637
7891515474133
7896275920258
7891515474126
7891515474737
7896411800178
7896337300165
7896480654849
7896295601649
7896232800197
7896489700028
7896489700189
7898958139018
7898130150114
7896072383195
7896295600079
7897021510006
7896295600161
7896295601625
7896295600024
7896295600017
7896295600215
7897517209643
7897517209261
7896589515201
7896001001152
7891024024386
7891055111604
7891022101003
7896427000012
7897938902376
7897938903052
7896098901090
7891040001316
7891040222476
7896001004504
7896001045446
7891055605806
7503002900246
7897357101459
7896036097816
7896036099117
7896036094983
7896036096673
7896036098639
7896102502183
7898027313158
7897938903069
7897040800010
7897252400015
7897252400022
7896015910006
7896815200017
7896183900878
7896183900861
7898927536046
7896478930009
7896441000012
7898949217190
7896419431015
7896419431053
7896419422013
7898994439646
7898232000072
7896015910020
7896511200014
7898318160812
7898318160232
7898927536084
7898927536015
7896015911744
7896015910518
7896183900991
7896183905507
7896183905514
7896183901783
7896183901776
7896260012104
7896260012203
7898621151958
7896735115453
7896273900306
7896038388059
7896183910556
7896830421268
7896735115477
7896327512967
7896327512974
7898171880018
7898409951664
7798018850566
7622300119621
7622300119652
7798018850467
7896007972104
7896419714231
7898394800015
7891021002127
7891021001885
7891021001946
7896295601656
7898608572769
7891040320622
7891040320592
7898026080327
7896100900011
7896080900148
7896448006666
7896275980733
7898414311125
7898927536022
7896478900019
7892300030633
7896183900298
7896183906269
7897517206284
7896291410023
7896291410016
7890807260034
7898041020131
7898921359009
7898087260010
7891048050637
7891528038568
7891037744356
7897191400015
7896327514138
7896327514152
7896327514145
7896327514114
7896327514121
7896327514237
7896327514169
7896327514190
7891048050606
7891048050644
7891048050668
7891048050682
7500435154437
7896202892023
7898045700336
7895800304235
7895800304211
7895800309780
7895800304228
7895800201503
7895800430002
7891991010542
7891991015868
7896026850070
7896026850087
7896104999905
7898910365134
7898910365127
7891164020026
7894904687992
7891164020040
7898908236552
7896275900571
7896275921064
7891515989408
7896227620014
7896084909024
7898374660011
7896275983192
7898240950086
7896275970802
7896275960544
7896275970536
7896275970277
7896275970772
7896275980290
7896275970796
7896275970529
7896275960322
7896275970239
7896275980436
7896275970246
7896275970789
7898172660107
7896380000029
7896380000265
7898094760640
7894900027334
7894900027327
7894900027358
7898568860180
7898338540038
7891051015210
7898324005176
7891032013105
7896098901724
7896098902042
7896098900277
7896098900253
7896098900239
7896404600570
7896098900222
7896404600587
7896404600655
7896098900208
7896098900741
7896098901113
7896098900987
7896098909904
7896098909768
7891150064331
7891150081147
7891150064317
7891150072152
7896098901939
7894904955879
7896275960896
7891000065440
7898215152002
7896434921133
7896354100861
7896434920570
7896275970574
7896275980801
7896275981297
7896275981150
7891097087448
7891097087431
7891097087455
7898915414844
7891164027681
7898929966100
7898215152439
7898239260745
7896504305313
7896275970635
7898080640611
7896275970680
7896275970611
7896569405003
7896348841480
7898215151708
7896256601848
7896504305078
7896275970628
7896275960926
7898215152811
7896015976064
7896018900035
7891242457317
7891035210006
7891035800214
7891242224025
7891040031757
7891040031740
7891040031764
7896337300196
7896243101726
7898065334924
7898913771642
7896408432726
7898032340101
7898581310013
7896934600255
7896022013028
7896011107035
7896934600439
7896011107165
7896011107073
7896934600194
7896011107103
7896022200763
7896011106885
7896011108025
7896022200800
7896022200794
7896022200541
7896022200534
7896011106892
7896011108032
7896022200572
7898032340095
7896408432719
7896408432313
7896022203146
7891079013052
7891079013083
7891079013038
7891079006009
7891079006016
7896022203849
7896022201944
7891079000205
7896022201906
7896022201869
7891079001004
7896022202101
7891079000229
7896022201913
7891079000212
7896022201890
7896022201852
7891079001011
7891079000243
7896022201937
7891079001028
7896408433419
7896045318377
7897001040028
7894000050034
7891150029002
7894000030470
7891150056916
7891150045255
7897436004756
7891031412091
7896181700258
7896275981945
7891080400063
7891080400087
7896279600422
7893000394117
7893000394209
7893000383005
7894904271528
7891999011039
7891999010995
7893000079298
7893000084360
7898927536053
7898235672191
7898235671101
7898235671095
7898065334948
7896022200756
7896022075040
7896111419779
7896111419786
7898414310012
7896183909529
7896391700017
7896020900269
7896011107363
7896011106809
7896529610102
7896478900026
7898180570160
7896758803559
7898568860029
7898568860036
7898568860555
7898409955464
7896342902200
7896478900101
7897040800041
7896183911577
7896273900122
7896015940010
7891095006984
7897517209544
7896292340503
7896292341098
7896102500608
7896102500844
7896292343702
7897517209025
7896327511335
7896212500192
7896327510956
7896434920778
7891030300207
7896183904746
7897517206178
7898026080327
7897517206086
7896102504361
7896102509410
7896054904653
7898227630468
7891164006846
7891164005245
7891164005320
7891164006853
7891164005726
7891164005986
7896275920838
7896275920678
7896275920401
7891164006860
7896275920579
7896275900496
7891164016319
7896275940355
7896275920593
7896183904241
7897436005180
7897436005197
7897664170735
7896017457813
7896275970185
7896504300103
7896504305061
7898915578096
7896104996454
7891107111910
7896036090619
7891107111934
7897001010502
7891107101621
7896279600538
7897001010014
7898247780075
7896036090244
7896232800234
7896337300233
7896202891354
7898969133050
7898969133036
7898621151484
7898969133043
7898621151170
7898969133074
7898910891060
7898621151187
7622300830090
7622300990701
7622300990749
7896011105512
7896011105505
7891000027974
7891000070444
7891156001040
7891079012987
7891150059849
7898920238060
7896051020127
7896051020158
7898994541431
7898954366272
7898944499096
7898944499157
7898944499164
7898944499041
7898067340633
7896002360234
7898414312221
7898414311477
7898067340404
7896216100909
7891962051345
7896002360326
7891962051338
7898938087018
7898156550622
7898156550851
7896026800112
7896026800211
7896104998557
7896026800860
7896026800709
7896026850148
7896026800631
7896026800990
7896026801225
7896026850155
7896026839242
7896026800822
7896026800723
7896026800068
7896026839259
7896104996447
7896104996409
7896104996393
7896104995280
7898910365295
7898910365028
7898910365011
7896104998311
7896104998540
7896104998724
7898910365356
7898910365356
7896022204242
7896183902094
7896451908667
7894650014288
7896181700159
7896274804344
7896274804337
7896274804313
7896274804320
7896017455406
7897938901065
7897938901089
7897938901072
7896017455505
7896017455307
7898621150708
7898085680018
7891031112403
7898562803183
7898562801622
7898621151118
7891515434311
7891515742034
7891025112983
7891025110668
7896009718113
7896009761911
7896015960100
7896015922054
7896461300048
7897829900108
7898920495029
7896045318360
7896260012128
7896232800494
7896735115507
7896461300017
7896183909123
7898581310242
7898994194514
7898568860647
7898240320469
7896798500524
7896015970000
7896798500722
7896183900465
7898094760978
7897824712898
7891738018954
7891738019005
7891738019098
7896704100015
7896275900953
7891164005740
7896104996492
7898954162010
7898082522632
7898223321209
7898915578102
7891164027117
7896275970383
7896275980870
7898414311118
7896275960452
7896275970406
7896275970376
7896478900118
7897040800034
7898904564369
7898039256986
7898039256962
7898538751531
7898039253848
7898994712510
7896546110050
7898374660165
7898374661384
7896500400432
7894900603705
7894900583700
7894900593709
7896011129334
7896490290587
7622300861148
7896011127057
7896490290617
7896011126739
7896490290631
7896011127064
7896011129396
7896490290655
7622210762894
7896011129341
7622300861872
7896011106557
7896490290648
7622300861186
7896011127019
7896011106526
7896490290662
7622300861919
7896011127088
7896011129358
7896490290679
7622300861957
7896011127293
7896490290686
7622300861261
7896011127033
7896490290693
7622300861308
7896011127422
7896490290709
7622300862039
7896011127026
7896490290716
7896490290723
7622300862077
7896011127040
7896490290730
7622210932402
7622300861223
7896011127071
7622210932358
7891991001342
7894900011593
7894900027020
7898295301864
7894900031706
7894900151510
7894900054217
7897830400468
7894900911602
7894900010220
7892840800000
7894900061512
7894900025019
7894900011715
78908901
7894900011517
7894900011609
7894900015119
7894900014211
7894900010398
7894900011159
7894900010015
7894900011753
7894900027013
7894900027037
7892840800567
7892840800079
7898295300584
7891991014908
7891991002646
7891991000826
78937765
7894900093056
7894900093292
7894900911510
7894900910018
78936478
7894900031515
7894900031607
7894900034219
7894900030013
7891149440801
7891149108282
78939745
7894900681000
7894900681017
7891991014984
78933873
7894900701609
7894900701517
78938571
7894900051513
7894900050011
7891149102808
7896275960575
7896902209114
7896022203191
7896022203771
7896022204181
7896275960193
7896275960209
7896504306457
7896011106083
7896011105673
7896011104157
7896011104959
7896020901082
7896020901075
7896020904151
7896978201265
7896274803996
7896098905906
7896098900109
7896274800018
7891150066571
7891150072138
7896098900710
7896978201258
7896978201234
7891150057470
7896012101339
7897664171732
7891150034075
7891150060289
7891150060302
7891150060296
7891150059870
7891024035580
7891024177846
7896012101346
7896012101315
7896012101322
7509546659091
7891024110508
7897664171701
7891024110300
7891024110201
7891150019560
7891024110409
7891024027523
7891024029824
7898422746759
7891024026458
7896090403127
7896090400027
7891176118032
7896090403134
7896090400041
7896090403233
7896090400010
7896090400034
7896012104941
7891150059924
7891150060272
7891150059887
7898994541417
7896492409925
7896492409918
7896492409833
7896492409840
7897436006835
7898406510239
7896492409871
7898307990529
7898406510062
7897257101375
7896798500616
7896015960001
7896183900533
7898241290310
7898241290105
7896183902261
7896183903220
7898002360115
7896100013018
7898280080149
7896183901325
7896232800326
7896337300035
7898065600180
7896461300345
7896461300239
7896461300246
7896461300215
7896461300260
7896461300413
7896461300420
7898951543010
7898902207091
7896183910754
7898296430044
7896461300314
7896461300321
7896461300338
7896461300307
7896004006482
7898902207060
7892840255541
7892840816209
7898902207084
7892840814540
7892840817916
7898902207077
7892840818043
7892840814793
7896020904083
7896020904038
7892840255442
7896020904090
7892840818104
7896183910761
7896461300109
7896275949921
7896275920265
7891167021020
7891167021013
7894904003495
7897517209674
7898374633008
7989904844619
7892300000698
7892300030015
7891149102853
7896291410092
7896275980986
7896275980498
7896275980504
7898948023853
7896745800745
7000006559659
7000033665941
7000006522523
7000558569410
7896327514312
7896295330235
7896419713852
7891527064926
7896045112081
7896045112418
7898953148541
7898953148169
7894900558029
7891132082407
7891132082421
7891132082285
7891132082568
7891132082322
7891132082384
7891132082346
7898967125323
7898960419412
7898960419474
7896015971700
7898374630991
7896337301971
7896337310300
7896337300462
7896337300219
7896337300608
7896380000814
7896337300745
7891132000449
7891132019281
7891132019724
7891132019274
7891132019403
7891132019717
7891132001101
7891132008698
7891132019274
7894904500383
7896026844901
7896026800754
7898620010836
7896104993668
7891991000888
7891962053189
7896181705437
77940131
7898941720018
7898185261667
7898994000075
7896419724599
7896017412201
7896017411303
7896017411006
7896017413000
7896017414304
7896017412102
7896017413109
7896017413208
7896017413307
7891999904805
7891999340108
7891999100047
7896399300073
7896399300196
7897436004572
7896399300028
7896399300332
7896399300202
7896399300219
7896183903534
7896092502453
7896306612817
7622300807283
7891000248829
7891000248768
7891000249239
7622300988517
7622300989316
7622300807399
7622300988470
7896183903596
7896004008479
7896012105177
7896020902164
7896036000823
7891242151673
7891242151680
7845169457868
7898012650053
7898065334818
7898185261377
7898185261445
7898245990063